5
1 9
1 2 3 4 5 6 7 8 9
2 9
9 8 7 6 5 4 3 2 1
3 23
23 41 13 22 -3 24 -31 -11 -8 -7
3 5 103 211 -311 -45 -67 -73 -81 -99
-33 24 56
4 101
56 17 92 39 41 55 -32 4 118 -78 2 39 -5 5 -72 -93 -75 -25 -67 114 97 66 52 106 -16 -63 37 -29 97 102 83 -92 -35 80 40 33 14 25 60 18 86 97 -38 98 -62 102 -106 -66 61 63 99 92 -114 97 108 11 38 -70 42 -77 102 -29 -21 57 30 -113 54 -77 -26 -120 40 76 84 -80 108 46 -102 -62 -60 -27 -85 -40 90 -61 90 16 46 73 17 115 -38 -21 -1 -8 -115 64 -54 24 -86 -104 2
5 203
111 -76 3 60 154 153 42 -182 -177 15 -18 71 173 25 15 -58 -124 155 173 135 63 -39 88 -34 -42 198 84 109 158 -14 172 162 -144 -8 -163 92 -197 6 84 83 117 34 -38 -155 3 200 -137 -192 -134 19 160 -76 -195 -28 -79 -147 155 36 -88 95 -186 161 -99 -92 -197 -180 -86 -58 -27 153 -122 -199 122 29 -76 -146 -29 52 -120 125 1 194 88 -109 11 -113 -52 -165 -128 23 -135 181 22 -104 97 165 123 110 -47 -142 -74 -130 -162 137 8 128 -122 65 125 -182 85 49 -138 -185 122 26 120 32 46 58 -140 -169 -64 -73 -45 114 -141 58 -50 -100 -98 39 139 39 -66 178 -73 -196 170 -63 108 -8 164 53 -156 75 116 -63 160 84 150 146 -2 -154 -172 185 -174 57 -7 -50 -177 -95 -139 -174 -33 -159 -117 150 -29 3 15 -91 144 89 120 -200 83 -135 30 87 -119 165 -51 105 123 190 -100 38 -181 -128 14 -1 -115 -8 7 -66 -200 -12 1 -27 -184 -52 -10

